# GaAs12 (theta, theta1, theta2),   GaAs28 (theta, theta1, theta2),    GaAs (rein) (theta, theta1, theta2)
3.58 87.17 80.00 6.19 91.00 78.62 10.85 94.28 72.58
3.42 87.00 80.17 5.29 88.83 78.25 8.14 91.35 75.07
2.43 89.00 84.13 4.08 90.07 81.90 4.88 90.50 80.73
3.53 87.20 80.13 2.67 85.02 79.68 3.02 86.05 80.00
2.01 82.03 78.02 3.99 82.13 74.15 2.60 80.73 75.53
2.98 81.15 75.18 6.51 83.58 70.57 2.95 80.28 74.38
4.07 54.70 46.57 6.48 56.48 43.52 3.50 55.00 48.00
4.04 35.30 27.22 7.01 39.10 25.08 -3.84 22.52 30.20
4.23 73.52 65.07 7.53 79.10 64.03 3.16 71.48 65.17
