# delta t / s, R / OHM, I / mA, U / V
200  24.4 158.5 16.63 
235  27.0 160.8 16.85
335  31.3 160.0 16.80
385  35.5 159.3 16.75
405  39.7 159.8 16.80
380  43.8 160.1 16.87
405  47.9 160.3 16.91
345  52.0 160.6 16.95
435  56.1 160.8 16.97
405  60.2 160.9 16.99
425  64.3 161.1 17.01
455  68.3 161.2 17.03
440  72.3 161.2 17.03
430  76.3 161.3 17.03
460  80.3 161.4 17.04
480  84.2 161.4 17.04
405  88.2 161.5 17.04
425  92.1 161.5 17.04
465  96.1 161.5 17.04
435 100.0 161.6 17.04
480 103.9 161.6 17.03
465 107.8 161.6 17.03
470 111.7 161.7 17.03
