#T / °C,    I / pA
-68.2  4.2
-67.9  3.4
-67.2  3.0
-66.3  2.6
-65.0  2.5
-63.4  2.4
-61.6  2.4
-59.7  2.4
-57.7  2.5
-55.7  2.6
-53.7  2.7
-51.6  2.9
-49.4  3.1
-47.2  3.4
-45.0  4.2
-42.5  5.1
-40.0  5.6
-37.5  6.1
-35.2  6.8
-33.0  7.7
-31.0  8.9
-28.9 10.5
-26.7 12.0
-24.6 15.5
-22.8 19.0
-21.0 23.5
-19.1 29.0
-17.2 35.0
-15.3 42.0 
-13.4 48
-11.6 52
 -9.7 54
 -7.7 52
 -5.6 47
 -3.5 39
 -1.3 30
  0.7 23
  2.8 18
  4.9 16
  6.8 16
  8.8 16.5
 10.8 17.5
 12.7 18.5
 14.7 19.0
 16.6 20.0
 18.6 20.5
 20.6 21.5 
 22.6 22.0
 24.7 22.0
 26.8 21.5
 28.8 20.5
 30.7 19.0
 32.7 17.5
 34.6 15.5
 36.6 14.0
 38.6 12.0
 40.5 11.0
 42.5 11.0
 44.6 10.5
 46.6 10.5
 48.6 11.5
 50.6 12.0