#T / °C,    I / pA
-67.0  1.40
-66.0  1.35
-64.7  1.25
-63.3  1.20
-61.8  1.10
-60.3  1.05
-58.8  1.10
-57.4  1.10
-55.9  1.15
-54.4  1.30
-52.9  1.45
-51.1  1.65
-49.1  1.90
-46.7  2.70
-44.2  4.8
-42.4  5.2
-40.8  5.5
-39.3  5.5
-38.0  5.6
-36.8  5.6
-35.4  5.7
-34.0  6.0
-32.5  6.2
-31.0  6.7
-29.5  7.2
-28.0  7.9
-26.5  8.9
-25.0 10.5
-23.5 12.0
-22.0 14.0
-20.6 16.5
-19.2 19.0
-17.8 22.5
-16.4 26.5
-15.0 31
-13.5 35
-12.0 40
-10.5 42
 -9.1 44
 -7.6 43
 -6.2 40
 -4.7 36
 -3.2 30
 -1.7 24.0
 -0.3 19.0
  1.0 15.5
  2.5 13.5
  4.0 12.5
  5.4 12.5
  6.8 12.5
  8.2 13.0
  9.8 14.0
 11.2 14.5
 12.6 15.5
 14.1 16.0
 15.5 17.0
 17.0 17.5
 18.5 18.5
 20.0 19.0
 21.4 19.0
 22.8 19.0
 24.3 19.0
 25.8 18.5
 27.2 17.5
 28.5 17.0
 30.0 16.0
 31.5 15.0
 32.9 14.0
 34.4 12.5
 35.9 11.5
 37.4 10.5
 38.8 10.0
 40.2  9.2
 41.6  8.9
 43.1  8.6
 44.4  8.7
 45.9  9.2
 47.4  9.7
 48.8 10.0
 50.3 10.5
